18
0      0      0
0      0      100
50     0      0
46.2   19.1   0
35.4   35.4   0
19.1   46.2   0
0      50     0
-19.1  46.2   0
-35.4  35.4   0
-46.2  19.1   0
-50    0      0
-46.2  -19.1  0
-35.4  -35.4  0
-19.1  -46.2  0
0      -50    0
19.1   -46.2  0
35.4   -35.4  0
46.2   -19.1  0

48
1  3
1  4
1  5
1  6
1  7
1  8
1  9
1  10
1  11
1  12
1  13
1  14
1  15
1  16
1  17
1  18
2  3
2  4
2  5
2  6
2  7
2  8
2  9
2  10
2  11
2  12
2  13
2  14
2  15
2  16
2  17
2  18
3  4
4  5
5  6
6  7
7  8
8  9
9  10
10 11
11 12
12 13
13 14
14 15
15 16
16 17
17 18
18 3
